careful(avg 0, interp&esds 1) = 0
position = gridbasis.( {(i-1)/(nx-1),(j-1)/(ny-1),(k-1)/(nz-1)} + gridorigin )
HKL = (1.5,-0.5,-0.5) to (2.5,-0.5,-0.5) in nx = 21 points (slow)               
HKL = (1.5,-0.5,-0.5) to (1.5,0.5,-0.5) in ny = 21 points (med)                 
HKL = (1.5,-0.5,-0.5) to (1.5,-0.5,0.5) in nz = 21 points (fast)                
Data structure: grid origin, 3 gridbasis vectors (slowx, medy, fastz), griddims(nx,ny,nz), two columns for data and esd
4.040000 4.040000 4.040000 1.570796 1.570796 1.570796
1.500000 -0.500000 -0.500000
1.000000 0.000000 0.000000
0.000000 1.000000 0.000000
0.000000 0.000000 1.000000
21 21 21
254 1
252 1
230 1
220 1
214 1
225 1
256 1
292 1
352 1
426 1
455 1
422 1
360 1
305 1
274 1
248 1
221 1
233 1
232 1
250 1
265 1
240 1
258 1
237 1
226 1
229 1
234 1
257 1
294 1
337 1
378 1
404 1
387 1
350 1
300 1
270 1
253 1
243 1
222 1
241 1
251 1
250 1
223 1
225 1
244 1
234 1
229 1
241 1
263 1
290 1
311 1
333 1
346 1
342 1
327 1
301 1
273 1
255 1
248 1
230 1
233 1
255 1
240 1
209 1
210 1
226 1
257 1
240 1
261 1
272 1
288 1
311 1
324 1
325 1
328 1
322 1
299 1
278 1
261 1
243 1
248 1
246 1
240 1
227 1
217 1
220 1
228 1
247 1
288 1
275 1
288 1
305 1
315 1
320 1
315 1
330 1
321 1
314 1
289 1
273 1
256 1
246 1
246 1
230 1
229 1
223 1
235 1
239 1
247 1
270 1
329 1
291 1
310 1
310 1
320 1
325 1
326 1
311 1
315 1
298 1
286 1
275 1
270 1
254 1
250 1
244 1
244 1
255 1
250 1
262 1
273 1
297 1
365 1
305 1
319 1
323 1
322 1
323 1
327 1
324 1
315 1
304 1
301 1
285 1
279 1
267 1
272 1
283 1
286 1
287 1
271 1
298 1
294 1
299 1
395 1
317 1
316 1
312 1
323 1
318 1
325 1
323 1
323 1
308 1
297 1
302 1
300 1
303 1
335 1
323 1
305 1
304 1
314 1
306 1
310 1
321 1
370 1
310 1
305 1
315 1
310 1
323 1
328 1
324 1
321 1
316 1
320 1
337 1
358 1
410 1
367 1
328 1
307 1
309 1
309 1
329 1
305 1
296 1
372 1
295 1
312 1
304 1
317 1
329 1
332 1
326 1
326 1
336 1
385 1
439 1
446 1
397 1
334 1
316 1
308 1
318 1
309 1
301 1
304 1
300 1
301 1
303 1
314 1
318 1
332 1
332 1
326 1
325 1
352 1
399 1
466 1
401 1
384 1
325 1
309 1
309 1
320 1
315 1
313 1
318 1
298 1
290 1
377 1
309 1
313 1
329 1
326 1
324 1
327 1
346 1
389 1
435 1
342 1
329 1
308 1
297 1
301 1
309 1
320 1
310 1
315 1
309 1
297 1
303 1
361 1
315 1
318 1
328 1
319 1
324 1
321 1
344 1
368 1
297 1
283 1
291 1
288 1
287 1
303 1
311 1
303 1
303 1
303 1
333 1
316 1
307 1
365 1
335 1
315 1
310 1
295 1
298 1
303 1
303 1
253 1
247 1
257 1
271 1
275 1
298 1
302 1
305 1
315 1
321 1
317 1
319 1
313 1
323 1
353 1
304 1
287 1
284 1
275 1
263 1
264 1
230 1
238 1
237 1
242 1
270 1
272 1
297 1
302 1
309 1
330 1
311 1
321 1
312 1
320 1
308 1
317 1
271 1
257 1
252 1
240 1
234 1
211 1
225 1
226 1
236 1
239 1
269 1
284 1
295 1
315 1
317 1
307 1
329 1
314 1
309 1
281 1
275 1
280 1
248 1
236 1
224 1
221 1
220 1
219 1
219 1
228 1
227 1
243 1
265 1
286 1
310 1
320 1
321 1
322 1
304 1
292 1
274 1
254 1
234 1
246 1
219 1
222 1
216 1
222 1
223 1
224 1
222 1
237 1
230 1
251 1
280 1
303 1
313 1
333 1
328 1
310 1
276 1
264 1
247 1
226 1
228 1
239 1
231 1
222 1
231 1
231 1
234 1
226 1
229 1
231 1
251 1
291 1
314 1
358 1
377 1
354 1
326 1
285 1
250 1
235 1
221 1
216 1
216 1
252 1
237 1
246 1
243 1
222 1
213 1
216 1
230 1
250 1
278 1
345 1
411 1
431 1
403 1
348 1
290 1
243 1
234 1
217 1
212 1
224 1
230 1
266 1
244 1
238 1
225 1
214 1
210 1
211 1
231 1
270 1
310 1
365 1
385 1
362 1
326 1
278 1
248 1
233 1
217 1
217 1
218 1
254 1
254 1
230 1
255 1
217 1
215 1
219 1
228 1
248 1
276 1
321 1
348 1
376 1
366 1
327 1
287 1
253 1
236 1
232 1
223 1
235 1
241 1
255 1
207 1
219 1
237 1
216 1
227 1
237 1
251 1
283 1
309 1
343 1
354 1
346 1
322 1
294 1
269 1
244 1
233 1
233 1
232 1
232 1
228 1
203 1
220 1
210 1
252 1
239 1
251 1
265 1
291 1
321 1
336 1
337 1
335 1
321 1
300 1
281 1
263 1
234 1
233 1
231 1
230 1
228 1
208 1
210 1
212 1
236 1
298 1
262 1
286 1
305 1
321 1
340 1
343 1
334 1
325 1
318 1
289 1
282 1
259 1
249 1
233 1
229 1
219 1
217 1
225 1
240 1
239 1
264 1
349 1
304 1
315 1
336 1
342 1
349 1
336 1
329 1
324 1
307 1
293 1
273 1
264 1
253 1
232 1
234 1
234 1
240 1
241 1
263 1
278 1
302 1
387 1
330 1
335 1
343 1
338 1
343 1
341 1
336 1
331 1
305 1
296 1
279 1
262 1
260 1
245 1
254 1
277 1
278 1
283 1
287 1
301 1
334 1
445 1
329 1
328 1
333 1
338 1
340 1
362 1
342 1
326 1
311 1
299 1
294 1
287 1
280 1
304 1
307 1
304 1
309 1
315 1
325 1
327 1
335 1
447 1
326 1
322 1
327 1
339 1
346 1
351 1
335 1
334 1
324 1
316 1
327 1
321 1
351 1
350 1
335 1
323 1
321 1
333 1
335 1
318 1
323 1
441 1
310 1
325 1
320 1
340 1
339 1
346 1
342 1
338 1
360 1
370 1
374 1
371 1
371 1
345 1
318 1
324 1
344 1
331 1
321 1
311 1
303 1
306 1
320 1
336 1
336 1
345 1
347 1
338 1
347 1
360 1
392 1
400 1
353 1
351 1
341 1
326 1
320 1
337 1
328 1
330 1
328 1
334 1
303 1
441 1
336 1
329 1
341 1
339 1
341 1
338 1
349 1
375 1
391 1
313 1
314 1
311 1
319 1
306 1
324 1
329 1
324 1
315 1
318 1
326 1
325 1
427 1
345 1
341 1
332 1
328 1
316 1
320 1
334 1
324 1
265 1
271 1
288 1
290 1
321 1
304 1
322 1
329 1
330 1
333 1
351 1
329 1
338 1
447 1
351 1
329 1
312 1
300 1
288 1
288 1
285 1
243 1
238 1
255 1
263 1
275 1
293 1
307 1
314 1
336 1
338 1
341 1
344 1
338 1
343 1
381 1
313 1
287 1
277 1
263 1
259 1
240 1
221 1
223 1
224 1
245 1
266 1
281 1
297 1
323 1
324 1
337 1
327 1
338 1
331 1
318 1
300 1
321 1
261 1
258 1
252 1
228 1
217 1
204 1
217 1
215 1
232 1
243 1
259 1
281 1
289 1
329 1
336 1
330 1
320 1
328 1
312 1
287 1
263 1
272 1
238 1
228 1
218 1
213 1
207 1
206 1
216 1
225 1
234 1
256 1
274 1
286 1
306 1
332 1
340 1
334 1
317 1
292 1
276 1
255 1
234 1
240 1
227 1
221 1
215 1
219 1
222 1
212 1
214 1
225 1
235 1
256 1
280 1
307 1
332 1
341 1
331 1
303 1
275 1
263 1
242 1
225 1
218 1
237 1
225 1
225 1
221 1
236 1
230 1
210 1
223 1
232 1
235 1
269 1
312 1
346 1
372 1
345 1
303 1
264 1
249 1
220 1
211 1
209 1
210 1
250 1
241 1
239 1
238 1
219 1
204 1
209 1
218 1
230 1
266 1
303 1
347 1
372 1
354 1
303 1
257 1
235 1
219 1
201 1
217 1
219 1
225 1
254 1
227 1
215 1
207 1
202 1
199 1
206 1
222 1
241 1
273 1
297 1
319 1
308 1
283 1
246 1
229 1
216 1
208 1
212 1
218 1
224 1
242 1
207 1
235 1
213 1
206 1
215 1
213 1
233 1
253 1
288 1
330 1
346 1
338 1
301 1
271 1
248 1
222 1
221 1
221 1
227 1
221 1
233 1
197 1
212 1
243 1
215 1
220 1
233 1
247 1
275 1
316 1
349 1
365 1
350 1
315 1
289 1
261 1
243 1
221 1
225 1
220 1
225 1
224 1
190 1
206 1
212 1
260 1
231 1
249 1
266 1
300 1
332 1
357 1
369 1
365 1
335 1
302 1
273 1
251 1
239 1
226 1
226 1
226 1
206 1
194 1
209 1
216 1
227 1
310 1
263 1
291 1
321 1
339 1
359 1
379 1
366 1
343 1
314 1
296 1
270 1
253 1
239 1
231 1
227 1
217 1
202 1
214 1
225 1
243 1
263 1
373 1
302 1
332 1
359 1
369 1
371 1
368 1
363 1
340 1
316 1
296 1
266 1
257 1
235 1
230 1
222 1
211 1
218 1
241 1
250 1
280 1
314 1
445 1
348 1
364 1
377 1
371 1
370 1
370 1
365 1
341 1
319 1
298 1
278 1
260 1
241 1
228 1
238 1
253 1
270 1
282 1
313 1
326 1
352 1
515 1
368 1
370 1
369 1
371 1
391 1
445 1
368 1
340 1
323 1
307 1
287 1
269 1
263 1
266 1
284 1
313 1
317 1
334 1
354 1
352 1
366 1
558 1
354 1
350 1
371 1
384 1
411 1
373 1
355 1
352 1
345 1
311 1
302 1
288 1
297 1
327 1
333 1
345 1
360 1
347 1
367 1
360 1
343 1
575 1
352 1
360 1
364 1
380 1
382 1
376 1
365 1
357 1
361 1
343 1
316 1
303 1
353 1
355 1
357 1
355 1
385 1
375 1
360 1
346 1
343 1
370 1
362 1
359 1
384 1
384 1
380 1
377 1
377 1
379 1
364 1
332 1
295 1
316 1
340 1
342 1
351 1
360 1
357 1
357 1
365 1
355 1
346 1
559 1
370 1
369 1
380 1
376 1
376 1
360 1
358 1
343 1
321 1
261 1
293 1
301 1
321 1
338 1
351 1
354 1
362 1
353 1
347 1
358 1
363 1
551 1
410 1
376 1
368 1
348 1
340 1
319 1
301 1
294 1
237 1
251 1
273 1
282 1
316 1
331 1
339 1
375 1
368 1
364 1
385 1
363 1
408 1
610 1
372 1
344 1
330 1
302 1
286 1
263 1
260 1
219 1
220 1
243 1
263 1
277 1
303 1
319 1
350 1
364 1
371 1
367 1
386 1
377 1
368 1
424 1
320 1
300 1
280 1
260 1
238 1
230 1
200 1
219 1
227 1
230 1
252 1
277 1
305 1
333 1
354 1
368 1
372 1
361 1
360 1
323 1
310 1
345 1
287 1
251 1
233 1
220 1
209 1
196 1
207 1
213 1
222 1
239 1
256 1
289 1
321 1
342 1
359 1
380 1
360 1
329 1
317 1
288 1
271 1
288 1
238 1
216 1
212 1
204 1
188 1
203 1
222 1
213 1
232 1
230 1
258 1
291 1
322 1
353 1
366 1
355 1
335 1
293 1
272 1
250 1
224 1
243 1
220 1
202 1
205 1
208 1
200 1
210 1
209 1
221 1
225 1
251 1
272 1
307 1
336 1
354 1
352 1
303 1
272 1
249 1
227 1
214 1
212 1
231 1
207 1
202 1
198 1
210 1
211 1
207 1
199 1
211 1
225 1
251 1
295 1
323 1
347 1
327 1
284 1
263 1
227 1
208 1
202 1
201 1
203 1
233 1
214 1
205 1
203 1
205 1
205 1
198 1
215 1
221 1
237 1
265 1
286 1
303 1
303 1
263 1
244 1
216 1
212 1
192 1
200 1
209 1
212 1
235 1
193 1
193 1
192 1
192 1
189 1
197 1
206 1
222 1
245 1
259 1
270 1
270 1
254 1
234 1
215 1
204 1
199 1
211 1
203 1
208 1
198 1
187 1
211 1
197 1
200 1
205 1
202 1
220 1
241 1
262 1
291 1
307 1
287 1
273 1
250 1
233 1
213 1
209 1
201 1
205 1
210 1
200 1
185 1
202 1
226 1
208 1
217 1
227 1
234 1
268 1
293 1
340 1
340 1
328 1
302 1
273 1
253 1
225 1
214 1
209 1
211 1
210 1
208 1
185 1
186 1
202 1
247 1
226 1
240 1
257 1
284 1
340 1
374 1
383 1
376 1
344 1
300 1
273 1
247 1
230 1
221 1
213 1
219 1
199 1
189 1
196 1
201 1
231 1
309 1
256 1
285 1
331 1
356 1
402 1
419 1
401 1
368 1
326 1
292 1
275 1
252 1
230 1
227 1
208 1
205 1
193 1
195 1
218 1
233 1
264 1
377 1
329 1
359 1
385 1
421 1
431 1
427 1
398 1
365 1
327 1
305 1
276 1
243 1
232 1
220 1
209 1
205 1
206 1
233 1
253 1
273 1
325 1
496 1
388 1
412 1
432 1
429 1
434 1
426 1
395 1
364 1
336 1
303 1
267 1
247 1
231 1
215 1
207 1
232 1
260 1
286 1
311 1
341 1
385 1
640 1
439 1
432 1
432 1
434 1
499 1
470 1
398 1
360 1
334 1
306 1
275 1
252 1
241 1
233 1
253 1
290 1
319 1
359 1
399 1
402 1
437 1
744 1
430 1
423 1
428 1
519 1
539 1
417 1
402 1
372 1
344 1
306 1
281 1
258 1
251 1
280 1
320 1
362 1
401 1
405 1
424 1
421 1
431 1
791 1
420 1
411 1
445 1
449 1
439 1
417 1
410 1
385 1
345 1
305 1
272 1
274 1
294 1
330 1
384 1
410 1
424 1
430 1
421 1
412 1
401 1
3113 1
443 1
419 1
441 1
434 1
437 1
420 1
410 1
363 1
318 1
283 1
247 1
279 1
323 1
363 1
409 1
414 1
417 1
425 1
425 1
418 1
405 1
806 1
442 1
440 1
442 1
434 1
415 1
394 1
346 1
300 1
276 1
240 1
260 1
289 1
333 1
365 1
385 1
402 1
422 1
426 1
403 1
414 1
440 1
826 1
526 1
418 1
401 1
383 1
349 1
313 1
281 1
254 1
221 1
230 1
252 1
295 1
322 1
341 1
371 1
403 1
435 1
423 1
447 1
451 1
548 1
714 1
410 1
380 1
344 1
306 1
281 1
251 1
239 1
200 1
217 1
221 1
258 1
283 1
308 1
356 1
374 1
411 1
423 1
439 1
444 1
417 1
398 1
491 1
331 1
299 1
265 1
244 1
225 1
211 1
196 1
193 1
212 1
226 1
253 1
282 1
321 1
353 1
387 1
421 1
433 1
416 1
387 1
371 1
332 1
374 1
271 1
240 1
225 1
211 1
199 1
186 1
190 1
203 1
213 1
246 1
253 1
286 1
327 1
365 1
398 1
418 1
402 1
362 1
335 1
293 1
266 1
298 1
224 1
212 1
197 1
194 1
185 1
195 1
198 1
208 1
212 1
240 1
257 1
285 1
338 1
368 1
390 1
374 1
333 1
294 1
272 1
245 1
225 1
248 1
210 1
198 1
187 1
181 1
185 1
201 1
201 1
202 1
213 1
225 1
259 1
305 1
335 1
337 1
332 1
297 1
265 1
240 1
226 1
209 1
204 1
225 1
204 1
190 1
189 1
187 1
196 1
196 1
194 1
200 1
226 1
241 1
259 1
281 1
292 1
286 1
272 1
241 1
219 1
212 1
206 1
191 1
181 1
217 1
201 1
183 1
195 1
186 1
194 1
190 1
183 1
201 1
224 1
239 1
251 1
269 1
254 1
247 1
216 1
208 1
197 1
180 1
192 1
178 1
195 1
210 1
179 1
177 1
170 1
177 1
179 1
179 1
196 1
209 1
225 1
235 1
243 1
238 1
231 1
218 1
202 1
190 1
194 1
184 1
178 1
185 1
187 1
174 1
196 1
180 1
186 1
188 1
191 1
209 1
223 1
249 1
258 1
267 1
266 1
251 1
224 1
212 1
203 1
193 1
195 1
195 1
185 1
186 1
172 1
180 1
203 1
196 1
200 1
215 1
225 1
243 1
270 1
299 1
315 1
299 1
279 1
257 1
237 1
218 1
213 1
202 1
208 1
187 1
188 1
179 1
181 1
193 1
240 1
220 1
236 1
251 1
283 1
321 1
359 1
378 1
359 1
322 1
288 1
260 1
240 1
228 1
214 1
205 1
198 1
187 1
173 1
180 1
194 1
219 1
304 1
253 1
287 1
326 1
370 1
432 1
448 1
436 1
380 1
336 1
290 1
259 1
245 1
229 1
216 1
199 1
195 1
176 1
189 1
200 1
223 1
256 1
395 1
322 1
377 1
430 1
483 1
507 1
492 1
430 1
380 1
332 1
292 1
267 1
241 1
224 1
203 1
195 1
194 1
201 1
234 1
240 1
276 1
329 1
569 1
427 1
472 1
515 1
527 1
514 1
494 1
435 1
379 1
334 1
291 1
265 1
243 1
218 1
204 1
197 1
223 1
245 1
270 1
313 1
367 1
423 1
786 1
526 1
522 1
526 1
542 1
563 1
489 1
438 1
381 1
332 1
287 1
256 1
236 1
221 1
215 1
238 1
263 1
309 1
367 1
420 1
468 1
509 1
1081 1
541 1
523 1
551 1
813 1
585 1
489 1
439 1
386 1
335 1
284 1
250 1
228 1
229 1
254 1
288 1
344 1
419 1
464 1
499 1
528 1
530 1
1201 1
527 1
521 1
558 1
549 1
515 1
494 1
431 1
370 1
310 1
271 1
240 1
245 1
253 1
304 1
367 1
448 1
508 1
522 1
521 1
507 1
508 1
1020 1
538 1
521 1
535 1
522 1
516 1
481 1
404 1
325 1
278 1
250 1
227 1
244 1
293 1
358 1
442 1
487 1
505 1
525 1
505 1
502 1
514 1
1257 1
579 1
545 1
523 1
506 1
452 1
390 1
316 1
268 1
247 1
227 1
232 1
274 1
319 1
372 1
430 1
478 1
513 1
563 1
513 1
513 1
562 1
1418 1
595 1
487 1
445 1
396 1
331 1
286 1
254 1
236 1
207 1
221 1
246 1
271 1
308 1
379 1
411 1
463 1
514 1
518 1
540 1
546 1
614 1
866 1
463 1
382 1
342 1
297 1
259 1
231 1
213 1
187 1
203 1
216 1
243 1
280 1
305 1
376 1
413 1
473 1
515 1
522 1
533 1
483 1
450 1
572 1
340 1
292 1
261 1
230 1
207 1
206 1
177 1
190 1
213 1
227 1
246 1
284 1
318 1
381 1
425 1
496 1
514 1
503 1
449 1
386 1
333 1
404 1
257 1
236 1
212 1
200 1
193 1
181 1
188 1
196 1
209 1
231 1
262 1
282 1
326 1
374 1
422 1
464 1
443 1
374 1
330 1
287 1
271 1
307 1
228 1
206 1
195 1
179 1
176 1
179 1
193 1
199 1
215 1
221 1
249 1
273 1
313 1
357 1
397 1
368 1
324 1
283 1
260 1
233 1
225 1
249 1
191 1
185 1
182 1
174 1
188 1
188 1
185 1
196 1
209 1
222 1
241 1
275 1
285 1
298 1
310 1
273 1
245 1
234 1
210 1
209 1
193 1
215 1
189 1
173 1
178 1
174 1
174 1
178 1
183 1
198 1
204 1
226 1
234 1
260 1
271 1
254 1
241 1
226 1
209 1
193 1
190 1
182 1
181 1
199 1
174 1
168 1
177 1
172 1
175 1
177 1
191 1
197 1
204 1
218 1
229 1
236 1
231 1
218 1
207 1
189 1
190 1
173 1
178 1
170 1
171 1
197 1
165 1
172 1
167 1
172 1
176 1
174 1
185 1
196 1
210 1
218 1
224 1
223 1
206 1
205 1
191 1
186 1
176 1
177 1
175 1
175 1
175 1
168 1
177 1
172 1
174 1
180 1
184 1
196 1
212 1
220 1
235 1
234 1
237 1
226 1
215 1
208 1
197 1
182 1
185 1
180 1
181 1
173 1
164 1
164 1
197 1
187 1
187 1
200 1
219 1
234 1
254 1
261 1
273 1
266 1
253 1
234 1
219 1
207 1
199 1
192 1
192 1
187 1
181 1
159 1
170 1
188 1
231 1
212 1
222 1
234 1
263 1
291 1
312 1
335 1
323 1
297 1
267 1
245 1
225 1
215 1
202 1
191 1
187 1
188 1
166 1
174 1
189 1
208 1
297 1
245 1
272 1
309 1
359 1
411 1
436 1
406 1
367 1
322 1
276 1
253 1
228 1
216 1
202 1
186 1
182 1
171 1
177 1
193 1
211 1
251 1
410 1
311 1
377 1
437 1
517 1
576 1
543 1
452 1
377 1
326 1
284 1
263 1
227 1
214 1
190 1
187 1
188 1
188 1
212 1
234 1
258 1
314 1
612 1
440 1
534 1
616 1
663 1
634 1
546 1
451 1
386 1
329 1
276 1
242 1
223 1
207 1
193 1
189 1
199 1
224 1
262 1
293 1
371 1
451 1
1007 1
627 1
646 1
686 1
686 1
626 1
540 1
464 1
376 1
307 1
275 1
239 1
214 1
206 1
192 1
213 1
239 1
288 1
352 1
425 1
514 1
624 1
1503 1
708 1
686 1
719 1
986 1
631 1
541 1
443 1
375 1
306 1
257 1
230 1
218 1
210 1
222 1
255 1
308 1
394 1
519 1
622 1
658 1
702 1
1969 1
728 1
698 1
768 1
690 1
625 1
547 1
433 1
342 1
270 1
242 1
226 1
215 1
227 1
260 1
324 1
433 1
574 1
673 1
687 1
680 1
675 1
6939 1
769 1
682 1
690 1
682 1
600 1
474 1
359 1
282 1
241 1
225 1
202 1
219 1
257 1
315 1
407 1
538 1
621 1
671 1
665 1
677 1
726 1
2185 1
795 1
680 1
644 1
572 1
445 1
336 1
274 1
240 1
220 1
197 1
216 1
238 1
285 1
344 1
429 1
534 1
592 1
731 1
685 1
687 1
772 1
2073 1
674 1
561 1
468 1
370 1
308 1
261 1
230 1
215 1
190 1
193 1
229 1
253 1
298 1
354 1
441 1
532 1
613 1
676 1
711 1
695 1
652 1
1100 1
486 1
391 1
326 1
274 1
231 1
216 1
198 1
189 1
195 1
206 1
237 1
259 1
313 1
371 1
452 1
532 1
616 1
687 1
645 1
551 1
476 1
673 1
329 1
277 1
249 1
221 1
203 1
191 1
176 1
177 1
197 1
219 1
237 1
273 1
317 1
359 1
443 1
532 1
603 1
551 1
470 1
394 1
328 1
429 1
263 1
222 1
210 1
191 1
181 1
163 1
174 1
182 1
204 1
220 1
238 1
267 1
299 1
353 1
421 1
462 1
426 1
373 1
317 1
268 1
251 1
316 1
211 1
195 1
180 1
169 1
166 1
170 1
180 1
196 1
205 1
214 1
234 1
250 1
282 1
324 1
327 1
320 1
304 1
263 1
243 1
225 1
221 1
257 1
187 1
178 1
171 1
158 1
164 1
177 1
184 1
193 1
201 1
210 1
227 1
245 1
262 1
262 1
263 1
249 1
232 1
218 1
202 1
188 1
181 1
211 1
172 1
162 1
159 1
169 1
171 1
177 1
180 1
174 1
194 1
203 1
225 1
231 1
234 1
230 1
215 1
203 1
191 1
187 1
176 1
167 1
172 1
192 1
166 1
160 1
158 1
165 1
167 1
168 1
183 1
180 1
190 1
193 1
205 1
221 1
204 1
212 1
195 1
183 1
172 1
173 1
168 1
168 1
156 1
190 1
166 1
168 1
164 1
164 1
171 1
171 1
179 1
188 1
197 1
200 1
208 1
204 1
199 1
196 1
182 1
178 1
170 1
174 1
163 1
169 1
167 1
154 1
167 1
166 1
171 1
173 1
180 1
189 1
197 1
209 1
212 1
223 1
210 1
211 1
201 1
195 1
180 1
176 1
177 1
178 1
175 1
169 1
159 1
168 1
185 1
178 1
183 1
188 1
201 1
211 1
224 1
239 1
240 1
238 1
230 1
217 1
201 1
197 1
190 1
189 1
181 1
179 1
165 1
157 1
163 1
180 1
214 1
200 1
206 1
224 1
248 1
264 1
278 1
286 1
277 1
261 1
242 1
233 1
215 1
204 1
196 1
187 1
169 1
173 1
164 1
169 1
187 1
206 1
274 1
226 1
257 1
279 1
326 1
356 1
379 1
362 1
323 1
287 1
259 1
243 1
219 1
205 1
193 1
179 1
177 1
169 1
175 1
182 1
201 1
238 1
405 1
301 1
339 1
412 1
488 1
539 1
501 1
419 1
353 1
297 1
267 1
245 1
222 1
200 1
188 1
176 1
179 1
182 1
205 1
216 1
246 1
301 1
651 1
419 1
523 1
681 1
787 1
701 1
545 1
430 1
354 1
307 1
264 1
234 1
206 1
199 1
185 1
176 1
193 1
205 1
242 1
273 1
325 1
420 1
1156 1
683 1
838 1
919 1
838 1
692 1
542 1
428 1
345 1
295 1
251 1
229 1
203 1
201 1
190 1
191 1
222 1
261 1
305 1
404 1
515 1
672 1
2132 1
943 1
919 1
953 1
861 1
679 1
550 1
420 1
330 1
272 1
236 1
215 1
204 1
195 1
200 1
230 1
276 1
358 1
485 1
672 1
833 1
919 1
3579 1
1028 1
959 1
959 1
838 1
708 1
523 1
383 1
285 1
245 1
222 1
212 1
190 1
212 1
232 1
280 1
370 1
553 1
811 1
930 1
917 1
947 1
17138 1
1049 1
927 1
933 1
833 1
595 1
409 1
305 1
251 1
226 1
210 1
193 1
206 1
224 1
273 1
358 1
495 1
707 1
851 1
898 1
931 1
953 1
4122 1
1034 1
872 1
753 1
545 1
401 1
291 1
243 1
225 1
204 1
191 1
197 1
219 1
258 1
310 1
408 1
543 1
676 1
825 1
889 1
926 1
1004 1
2707 1
777 1
577 1
440 1
340 1
272 1
233 1
215 1
199 1
184 1
187 1
213 1
227 1
268 1
332 1
434 1
538 1
672 1
847 1
951 1
868 1
730 1
1419 1
475 1
370 1
297 1
252 1
220 1
203 1
192 1
172 1
179 1
200 1
210 1
244 1
289 1
350 1
413 1
547 1
707 1
823 1
737 1
563 1
442 1
771 1
317 1
268 1
232 1
213 1
194 1
180 1
170 1
172 1
188 1
202 1
228 1
253 1
291 1
345 1
412 1
511 1
577 1
515 1
438 1
351 1
312 1
449 1
241 1
213 1
199 1
188 1
179 1
160 1
176 1
169 1
195 1
207 1
220 1
251 1
271 1
315 1
360 1
382 1
368 1
325 1
284 1
258 1
243 1
323 1
204 1
191 1
177 1
172 1
159 1
159 1
174 1
181 1
195 1
202 1
220 1
233 1
258 1
281 1
289 1
285 1
260 1
243 1
236 1
210 1
205 1
254 1
178 1
171 1
162 1
156 1
159 1
162 1
175 1
173 1
188 1
195 1
212 1
218 1
230 1
238 1
235 1
225 1
211 1
203 1
196 1
177 1
177 1
211 1
160 1
162 1
153 1
160 1
160 1
167 1
175 1
177 1
187 1
194 1
197 1
208 1
206 1
202 1
204 1
195 1
183 1
177 1
165 1
163 1
167 1
195 1
156 1
152 1
158 1
164 1
157 1
155 1
161 1
176 1
184 1
182 1
193 1
193 1
198 1
184 1
182 1
174 1
170 1
167 1
159 1
158 1
161 1
191 1
165 1
168 1
162 1
161 1
164 1
165 1
176 1
182 1
192 1
191 1
203 1
198 1
188 1
188 1
177 1
177 1
169 1
167 1
172 1
173 1
169 1
158 1
161 1
168 1
168 1
170 1
174 1
182 1
185 1
195 1
201 1
208 1
208 1
200 1
192 1
184 1
182 1
176 1
168 1
170 1
173 1
175 1
157 1
163 1
180 1
174 1
175 1
184 1
195 1
202 1
212 1
216 1
217 1
218 1
212 1
202 1
197 1
194 1
183 1
175 1
172 1
171 1
180 1
157 1
159 1
180 1
207 1
196 1
200 1
211 1
226 1
234 1
250 1
256 1
248 1
241 1
224 1
222 1
204 1
188 1
185 1
180 1
172 1
169 1
163 1
163 1
173 1
193 1
272 1
223 1
241 1
257 1
278 1
304 1
316 1
309 1
293 1
265 1
235 1
227 1
206 1
197 1
187 1
177 1
168 1
168 1
171 1
182 1
194 1
229 1
387 1
270 1
313 1
359 1
422 1
447 1
423 1
368 1
309 1
275 1
251 1
225 1
205 1
191 1
183 1
174 1
167 1
178 1
193 1
205 1
228 1
269 1
651 1
386 1
477 1
638 1
745 1
655 1
499 1
389 1
327 1
279 1
242 1
219 1
200 1
192 1
186 1
177 1
183 1
192 1
220 1
250 1
302 1
388 1
1272 1
683 1
957 1
1203 1
979 1
682 1
491 1
389 1
315 1
270 1
232 1
209 1
189 1
190 1
176 1
188 1
207 1
235 1
273 1
358 1
476 1
664 1
3137 1
1241 1
1328 1
1175 1
907 1
665 1
509 1
374 1
300 1
254 1
217 1
207 1
196 1
186 1
197 1
212 1
246 1
303 1
429 1
651 1
964 1
1169 1
6764 1
1415 1
1225 1
1153 1
998 1
696 1
451 1
328 1
257 1
228 1
209 1
197 1
189 1
194 1
211 1
249 1
318 1
446 1
774 1
1275 1
1338 1
1263 1
18251 1
1435 1
1301 1
1304 1
849 1
494 1
344 1
264 1
225 1
205 1
200 1
184 1
187 1
205 1
238 1
300 1
442 1
669 1
1013 1
1183 1
1204 1
1275 1
8437 1
1346 1
1066 1
742 1
478 1
333 1
263 1
231 1
213 1
196 1
189 1
188 1
201 1
232 1
278 1
362 1
489 1
679 1
901 1
1151 1
1348 1
1259 1
4058 1
775 1
527 1
394 1
302 1
247 1
214 1
202 1
195 1
176 1
182 1
199 1
218 1
250 1
304 1
371 1
486 1
664 1
987 1
1308 1
1064 1
726 1
1741 1
427 1
323 1
270 1
230 1
202 1
198 1
187 1
164 1
177 1
182 1
208 1
221 1
272 1
308 1
369 1
497 1
673 1
814 1
708 1
519 1
405 1
832 1
293 1
240 1
222 1
199 1
182 1
179 1
171 1
170 1
179 1
189 1
209 1
233 1
261 1
302 1
366 1
432 1
467 1
449 1
383 1
315 1
285 1
486 1
222 1
208 1
191 1
182 1
173 1
162 1
164 1
178 1
180 1
197 1
206 1
222 1
251 1
285 1
313 1
327 1
316 1
295 1
268 1
241 1
230 1
329 1
198 1
181 1
170 1
171 1
157 1
161 1
168 1
177 1
182 1
190 1
202 1
214 1
225 1
250 1
252 1
253 1
242 1
224 1
208 1
204 1
195 1
248 1
174 1
164 1
163 1
159 1
154 1
159 1
167 1
173 1
176 1
187 1
194 1
207 1
211 1
217 1
209 1
210 1
200 1
199 1
185 1
171 1
181 1
205 1
165 1
161 1
163 1
154 1
161 1
163 1
166 1
171 1
172 1
180 1
200 1
198 1
194 1
192 1
193 1
185 1
176 1
179 1
169 1
165 1
165 1
196 1
162 1
160 1
160 1
162 1
162 1
159 1
165 1
171 1
170 1
178 1
182 1
189 1
191 1
181 1
174 1
171 1
163 1
168 1
162 1
152 1
159 1
185 1
170 1
172 1
167 1
165 1
168 1
168 1
177 1
181 1
188 1
191 1
190 1
180 1
190 1
185 1
180 1
173 1
172 1
170 1
177 1
179 1
176 1
169 1
169 1
162 1
168 1
169 1
176 1
179 1
182 1
189 1
192 1
195 1
195 1
197 1
188 1
185 1
182 1
177 1
171 1
169 1
171 1
177 1
164 1
166 1
171 1
173 1
179 1
181 1
192 1
192 1
206 1
210 1
213 1
209 1
203 1
198 1
189 1
187 1
182 1
174 1
174 1
169 1
168 1
161 1
165 1
166 1
201 1
194 1
199 1
203 1
218 1
223 1
229 1
230 1
232 1
223 1
214 1
208 1
197 1
194 1
185 1
181 1
178 1
170 1
161 1
159 1
164 1
191 1
258 1
207 1
231 1
236 1
258 1
274 1
276 1
269 1
265 1
243 1
229 1
219 1
197 1
190 1
188 1
175 1
170 1
168 1
170 1
174 1
187 1
214 1
375 1
255 1
283 1
320 1
360 1
380 1
361 1
326 1
284 1
257 1
229 1
220 1
198 1
188 1
183 1
176 1
174 1
176 1
191 1
204 1
228 1
266 1
647 1
353 1
437 1
542 1
604 1
546 1
442 1
337 1
291 1
259 1
227 1
208 1
193 1
184 1
184 1
167 1
183 1
184 1
217 1
242 1
285 1
350 1
1404 1
625 1
940 1
1210 1
950 1
603 1
434 1
352 1
298 1
246 1
217 1
201 1
189 1
191 1
179 1
185 1
200 1
219 1
247 1
310 1
435 1
613 1
4329 1
1652 1
2420 1
1545 1
879 1
603 1
453 1
342 1
267 1
229 1
208 1
194 1
184 1
181 1
182 1
201 1
229 1
273 1
369 1
544 1
915 1
1558 1
13187 1
2447 1
1812 1
1483 1
982 1
606 1
388 1
284 1
235 1
214 1
197 1
191 1
182 1
194 1
201 1
227 1
272 1
370 1
619 1
1256 1
2637 1
2078 1
19327 1
2515 1
2593 1
1424 1
691 1
420 1
297 1
241 1
215 1
198 1
187 1
179 1
185 1
201 1
227 1
274 1
357 1
551 1
974 1
1622 1
1837 1
2196 1
19010 1
2044 1
1106 1
632 1
405 1
299 1
244 1
207 1
195 1
192 1
177 1
181 1
198 1
215 1
253 1
317 1
433 1
596 1
851 1
1588 1
2696 1
1797 1
6194 1
755 1
474 1
348 1
277 1
236 1
208 1
192 1
186 1
178 1
179 1
193 1
209 1
233 1
274 1
323 1
423 1
604 1
988 1
1416 1
1060 1
679 1
2028 1
394 1
297 1
256 1
219 1
198 1
190 1
185 1
169 1
172 1
180 1
200 1
212 1
245 1
284 1
340 1
435 1
576 1
678 1
599 1
457 1
369 1
850 1
269 1
231 1
207 1
191 1
183 1
179 1
158 1
169 1
174 1
188 1
196 1
228 1
249 1
278 1
323 1
362 1
398 1
378 1
333 1
293 1
264 1
485 1
219 1
193 1
186 1
174 1
171 1
172 1
169 1
170 1
184 1
193 1
214 1
211 1
238 1
255 1
274 1
278 1
279 1
266 1
248 1
220 1
215 1
318 1
185 1
177 1
169 1
169 1
161 1
157 1
164 1
171 1
188 1
184 1
198 1
197 1
211 1
232 1
225 1
240 1
227 1
213 1
206 1
190 1
192 1
238 1
168 1
162 1
169 1
164 1
156 1
156 1
159 1
174 1
176 1
183 1
200 1
196 1
203 1
209 1
195 1
203 1
189 1
198 1
180 1
175 1
172 1
209 1
164 1
165 1
160 1
163 1
157 1
161 1
161 1
172 1
170 1
169 1
185 1
196 1
192 1
188 1
179 1
180 1
176 1
172 1
167 1
161 1
162 1
195 1
164 1
167 1
160 1
166 1
154 1
161 1
165 1
167 1
180 1
177 1
177 1
185 1
185 1
175 1
170 1
170 1
158 1
170 1
162 1
161 1
164 1
190 1
182 1
179 1
177 1
165 1
171 1
172 1
177 1
174 1
183 1
184 1
188 1
190 1
187 1
176 1
181 1
179 1
170 1
172 1
184 1
185 1
185 1
177 1
179 1
173 1
171 1
169 1
174 1
196 1
185 1
192 1
190 1
191 1
194 1
194 1
184 1
177 1
179 1
178 1
178 1
178 1
177 1
187 1
166 1
179 1
177 1
178 1
177 1
182 1
190 1
190 1
202 1
206 1
202 1
199 1
201 1
197 1
192 1
186 1
184 1
180 1
177 1
175 1
178 1
159 1
164 1
174 1
195 1
192 1
192 1
203 1
213 1
217 1
214 1
224 1
215 1
217 1
208 1
206 1
201 1
187 1
185 1
178 1
179 1
179 1
157 1
165 1
165 1
189 1
246 1
216 1
228 1
237 1
244 1
252 1
258 1
251 1
242 1
238 1
220 1
218 1
202 1
194 1
185 1
177 1
178 1
169 1
174 1
178 1
186 1
219 1
365 1
250 1
268 1
304 1
325 1
326 1
318 1
298 1
267 1
250 1
231 1
212 1
198 1
194 1
189 1
191 1
172 1
178 1
184 1
194 1
215 1
263 1
636 1
333 1
386 1
455 1
482 1
455 1
393 1
331 1
288 1
252 1
227 1
206 1
196 1
196 1
285 1
171 1
174 1
195 1
202 1
238 1
266 1
342 1
1533 1
575 1
756 1
880 1
767 1
554 1
412 1
331 1
283 1
243 1
219 1
205 1
222 1
191 1
178 1
180 1
192 1
219 1
238 1
303 1
384 1
600 1
5239 1
1714 1
2324 1
1609 1
848 1
557 1
404 1
309 1
255 1
227 1
215 1
206 1
184 1
173 1
182 1
197 1
211 1
247 1
325 1
453 1
760 1
1638 1
23916 1
11696 1
3405 1
1627 1
829 1
495 1
346 1
271 1
228 1
205 1
195 1
192 1
177 1
189 1
200 1
218 1
254 1
326 1
493 1
931 1
2532 1
11049 1
21711 1
12865 1
2985 1
1057 1
545 1
348 1
275 1
235 1
213 1
197 1
196 1
188 1
188 1
201 1
220 1
249 1
325 1
463 1
804 1
1710 1
3840 1
11640 1
23282 1
2292 1
906 1
512 1
349 1
269 1
224 1
207 1
202 1
187 1
193 1
184 1
208 1
220 1
245 1
305 1
407 1
604 1
867 1
1628 1
3037 1
2068 1
7826 1
699 1
431 1
325 1
260 1
226 1
202 1
192 1
184 1
171 1
186 1
234 1
224 1
238 1
271 1
330 1
409 1
550 1
803 1
1004 1
864 1
630 1
2280 1
360 1
286 1
244 1
217 1
200 1
186 1
183 1
173 1
172 1
204 1
210 1
223 1
238 1
293 1
321 1
391 1
478 1
531 1
494 1
414 1
358 1
874 1
265 1
226 1
208 1
194 1
182 1
175 1
168 1
172 1
282 1
209 1
213 1
220 1
243 1
277 1
299 1
318 1
339 1
332 1
307 1
267 1
260 1
473 1
213 1
193 1
190 1
176 1
169 1
166 1
170 1
178 1
188 1
195 1
212 1
210 1
234 1
246 1
255 1
261 1
260 1
250 1
232 1
210 1
212 1
316 1
187 1
177 1
173 1
169 1
164 1
161 1
159 1
174 1
188 1
195 1
202 1
203 1
208 1
218 1
225 1
216 1
214 1
205 1
195 1
191 1
185 1
241 1
169 1
165 1
167 1
161 1
167 1
164 1
158 1
180 1
171 1
188 1
190 1
188 1
198 1
196 1
194 1
196 1
193 1
186 1
178 1
169 1
165 1
206 1
172 1
167 1
172 1
167 1
165 1
160 1
171 1
171 1
169 1
183 1
187 1
182 1
187 1
178 1
181 1
181 1
173 1
174 1
167 1
161 1
169 1
190 1
177 1
166 1
167 1
163 1
158 1
161 1
171 1
163 1
164 1
183 1
179 1
179 1
174 1
177 1
171 1
170 1
165 1
159 1
162 1
162 1
171 1
202 1
192 1
186 1
181 1
174 1
169 1
177 1
170 1
180 1
184 1
184 1
189 1
188 1
188 1
182 1
183 1
178 1
179 1
176 1
181 1
184 1
195 1
183 1
179 1
180 1
172 1
176 1
179 1
182 1
186 1
187 1
190 1
189 1
190 1
193 1
189 1
182 1
180 1
178 1
176 1
178 1
182 1
191 1
175 1
180 1
180 1
178 1
177 1
183 1
189 1
194 1
201 1
202 1
199 1
199 1
197 1
192 1
188 1
182 1
180 1
183 1
179 1
177 1
185 1
170 1
170 1
179 1
193 1
187 1
199 1
205 1
213 1
213 1
217 1
222 1
219 1
210 1
209 1
207 1
200 1
188 1
185 1
180 1
172 1
181 1
166 1
169 1
173 1
197 1
237 1
211 1
227 1
231 1
245 1
252 1
249 1
250 1
248 1
241 1
228 1
211 1
201 1
190 1
181 1
182 1
181 1
167 1
170 1
170 1
185 1
217 1
341 1
253 1
270 1
292 1
306 1
317 1
314 1
286 1
276 1
249 1
238 1
216 1
201 1
188 1
177 1
181 1
170 1
172 1
180 1
189 1
211 1
255 1
600 1
325 1
513 1
417 1
427 1
420 1
375 1
326 1
292 1
256 1
230 1
208 1
199 1
188 1
183 1
176 1
182 1
191 1
201 1
231 1
264 1
363 1
1453 1
572 1
661 1
740 1
660 1
557 1
428 1
340 1
293 1
247 1
220 1
200 1
196 1
182 1
184 1
183 1
193 1
210 1
237 1
283 1
363 1
619 1
5559 1
1541 1
1608 1
1390 1
917 1
574 1
408 1
326 1
260 1
230 1
202 1
199 1
190 1
183 1
182 1
195 1
214 1
247 1
312 1
411 1
666 1
1716 1
23350 1
14544 1
6854 1
3142 1
781 1
568 1
346 1
278 1
240 1
208 1
194 1
187 1
177 1
181 1
196 1
214 1
253 1
318 1
450 1
813 1
2368 1
12464 1
22012 1
21235 1
2714 1
1127 1
524 1
355 1
276 1
236 1
209 1
194 1
186 1
175 1
181 1
200 1
212 1
248 1
318 1
489 1
1494 1
6726 1
6002 1
12284 1
21522 1
2087 1
767 1
477 1
343 1
271 1
233 1
206 1
190 1
185 1
175 1
181 1
187 1
209 1
239 1
384 1
881 1
1173 1
1211 1
1777 1
2107 1
1923 1
8099 1
652 1
411 1
315 1
263 1
220 1
208 1
196 1
185 1
168 1
184 1
189 1
214 1
244 1
364 1
428 1
503 1
627 1
737 1
806 1
731 1
639 1
2273 1
374 1
284 1
248 1
215 1
200 1
191 1
182 1
172 1
172 1
189 1
189 1
219 1
240 1
309 1
353 1
388 1
442 1
514 1
448 1
399 1
350 1
857 1
260 1
230 1
209 1
193 1
179 1
177 1
168 1
171 1
172 1
192 1
204 1
224 1
258 1
300 1
321 1
317 1
338 1
340 1
306 1
270 1
255 1
490 1
215 1
194 1
188 1
181 1
175 1
169 1
165 1
169 1
177 1
191 1
202 1
210 1
244 1
243 1
275 1
257 1
252 1
252 1
234 1
213 1
216 1
311 1
186 1
182 1
177 1
173 1
167 1
168 1
172 1
177 1
178 1
193 1
208 1
205 1
216 1
224 1
228 1
219 1
208 1
207 1
194 1
190 1
186 1
237 1
176 1
175 1
175 1
167 1
172 1
172 1
169 1
172 1
175 1
185 1
188 1
187 1
192 1
191 1
188 1
193 1
190 1
189 1
177 1
171 1
177 1
221 1
171 1
178 1
181 1
168 1
170 1
170 1
167 1
173 1
176 1
176 1
187 1
184 1
183 1
178 1
187 1
178 1
173 1
175 1
164 1
168 1
171 1
199 1
181 1
184 1
178 1
173 1
169 1
169 1
171 1
172 1
171 1
181 1
181 1
177 1
173 1
169 1
172 1
178 1
172 1
169 1
161 1
176 1
176 1
197 1
191 1
193 1
181 1
178 1
179 1
177 1
178 1
185 1
191 1
184 1
186 1
187 1
189 1
188 1
184 1
188 1
186 1
187 1
185 1
190 1
203 1
195 1
174 1
185 1
180 1
184 1
178 1
188 1
187 1
191 1
191 1
194 1
192 1
193 1
194 1
189 1
186 1
187 1
185 1
185 1
190 1
197 1
171 1
191 1
187 1
188 1
186 1
186 1
197 1
201 1
203 1
207 1
204 1
206 1
204 1
195 1
198 1
190 1
186 1
187 1
188 1
185 1
189 1
179 1
167 1
189 1
199 1
192 1
204 1
206 1
217 1
222 1
223 1
229 1
227 1
222 1
216 1
211 1
204 1
194 1
191 1
185 1
188 1
185 1
172 1
165 1
178 1
200 1
243 1
213 1
227 1
238 1
251 1
260 1
261 1
258 1
250 1
242 1
222 1
215 1
210 1
197 1
194 1
184 1
184 1
180 1
178 1
181 1
197 1
232 1
333 1
260 1
275 1
308 1
319 1
336 1
319 1
304 1
276 1
252 1
234 1
215 1
203 1
195 1
188 1
186 1
175 1
188 1
196 1
196 1
229 1
289 1
559 1
347 1
394 1
452 1
463 1
449 1
391 1
335 1
289 1
257 1
228 1
217 1
202 1
188 1
190 1
181 1
180 1
199 1
209 1
234 1
278 1
406 1
1349 1
576 1
731 1
816 1
726 1
546 1
417 1
334 1
280 1
250 1
222 1
201 1
196 1
186 1
183 1
186 1
197 1
222 1
245 1
300 1
404 1
708 1
5014 1
1694 1
2005 1
1522 1
853 1
558 1
404 1
318 1
263 1
229 1
210 1
199 1
189 1
185 1
182 1
197 1
221 1
262 1
332 1
457 1
785 1
2105 1
22606 1
14579 1
3719 1
1673 1
799 1
475 1
343 1
270 1
231 1
208 1
196 1
189 1
182 1
188 1
206 1
220 1
256 1
335 1
480 1
895 1
2363 1
14424 1
21859 1
17352 1
2581 1
975 1
525 1
356 1
280 1
234 1
216 1
201 1
191 1
179 1
186 1
197 1
219 1
258 1
319 1
470 1
848 1
1724 1
4302 1
15652 1
22509 1
2172 1
846 1
502 1
344 1
279 1
232 1
210 1
193 1
190 1
178 1
182 1
195 1
213 1
249 1
301 1
407 1
600 1
960 1
1601 1
2694 1
2275 1
7174 1
686 1
419 1
328 1
264 1
224 1
206 1
192 1
189 1
181 1
185 1
183 1
206 1
233 1
277 1
341 1
421 1
587 1
816 1
949 1
860 1
693 1
1989 1
374 1
288 1
250 1
217 1
204 1
194 1
184 1
181 1
183 1
196 1
206 1
221 1
241 1
286 1
335 1
399 1
483 1
522 1
494 1
431 1
378 1
806 1
267 1
236 1
214 1
199 1
190 1
182 1
173 1
179 1
190 1
197 1
195 1
229 1
251 1
271 1
304 1
342 1
344 1
345 1
316 1
287 1
270 1
461 1
223 1
205 1
196 1
183 1
183 1
174 1
175 1
177 1
185 1
193 1
201 1
221 1
233 1
248 1
255 1
272 1
267 1
258 1
242 1
227 1
223 1
308 1
196 1
185 1
180 1
177 1
171 1
174 1
176 1
180 1
187 1
199 1
198 1
207 1
221 1
221 1
228 1
220 1
216 1
218 1
201 1
197 1
192 1
236 1
180 1
180 1
179 1
168 1
169 1
174 1
175 1
174 1
184 1
192 1
184 1
195 1
204 1
203 1
197 1
203 1
200 1
190 1
181 1
182 1
181 1
208 1
179 1
179 1
182 1
183 1
177 1
174 1
169 1
178 1
177 1
187 1
184 1
186 1
185 1
185 1
185 1
188 1
183 1
183 1
178 1
173 1
172 1
201 1
180 1
189 1
177 1
180 1
174 1
179 1
178 1
177 1
179 1
183 1
184 1
184 1
186 1
182 1
183 1
180 1
180 1
177 1
180 1
178 1
179 1
203 1
196 1
195 1
193 1
184 1
187 1
189 1
194 1
196 1
193 1
195 1
195 1
195 1
196 1
199 1
197 1
195 1
195 1
196 1
197 1
202 1
200 1
196 1
196 1
186 1
186 1
187 1
187 1
194 1
197 1
198 1
200 1
202 1
201 1
199 1
202 1
202 1
196 1
197 1
189 1
192 1
201 1
197 1
184 1
196 1
190 1
187 1
188 1
196 1
207 1
210 1
213 1
218 1
218 1
219 1
211 1
208 1
209 1
208 1
194 1
191 1
191 1
193 1
195 1
182 1
183 1
205 1
206 1
202 1
216 1
217 1
226 1
237 1
240 1
242 1
242 1
239 1
229 1
221 1
210 1
209 1
193 1
195 1
193 1
193 1
178 1
177 1
189 1
216 1
240 1
231 1
245 1
258 1
277 1
291 1
292 1
286 1
276 1
261 1
245 1
231 1
222 1
210 1
198 1
196 1
195 1
193 1
192 1
191 1
201 1
254 1
333 1
283 1
306 1
349 1
384 1
401 1
383 1
351 1
307 1
271 1
255 1
228 1
221 1
206 1
195 1
197 1
190 1
193 1
201 1
211 1
239 1
328 1
540 1
384 1
466 1
585 1
614 1
577 1
457 1
373 1
314 1
276 1
249 1
228 1
210 1
202 1
196 1
187 1
192 1
212 1
233 1
255 1
301 1
468 1
1170 1
652 1
955 1
1201 1
968 1
643 1
462 1
370 1
312 1
274 1
239 1
215 1
205 1
197 1
190 1
197 1
212 1
232 1
279 1
352 1
461 1
852 1
3578 1
1803 1
2852 1
1813 1
940 1
641 1
476 1
367 1
288 1
242 1
220 1
203 1
200 1
182 1
194 1
217 1
235 1
295 1
393 1
601 1
973 1
2319 1
13891 1
3747 1
2398 1
1756 1
1004 1
619 1
412 1
305 1
250 1
222 1
206 1
196 1
191 1
195 1
214 1
240 1
297 1
413 1
648 1
1259 1
3083 1
4166 1
19663 1
3314 1
3295 1
1403 1
701 1
431 1
312 1
253 1
221 1
208 1
197 1
191 1
200 1
212 1
240 1
293 1
389 1
613 1
1006 1
1858 1
2440 1
3858 1
15417 1
2233 1
1137 1
651 1
415 1
309 1
256 1
223 1
205 1
194 1
184 1
190 1
208 1
237 1
271 1
374 1
487 1
672 1
1023 1
1748 1
3363 1
2437 1
4967 1
757 1
517 1
377 1
299 1
250 1
220 1
207 1
201 1
194 1
192 1
199 1
225 1
256 1
306 1
380 1
477 1
664 1
1031 1
1374 1
1119 1
800 1
1627 1
410 1
325 1
276 1
236 1
212 1
204 1
197 1
183 1
195 1
201 1
219 1
236 1
277 1
310 1
376 1
478 1
638 1
696 1
645 1
501 1
433 1
745 1
290 1
259 1
221 1
211 1
197 1
190 1
186 1
188 1
202 1
206 1
218 1
239 1
275 1
318 1
364 1
411 1
445 1
417 1
368 1
315 1
299 1
436 1
233 1
213 1
200 1
193 1
193 1
188 1
182 1
180 1
202 1
208 1
227 1
242 1
256 1
280 1
291 1
309 1
303 1
286 1
267 1
240 1
241 1
299 1
210 1
193 1
194 1
189 1
181 1
184 1
185 1
180 1
194 1
206 1
213 1
226 1
238 1
233 1
250 1
238 1
241 1
228 1
227 1
217 1
205 1
241 1
191 1
188 1
187 1
182 1
180 1
174 1
182 1
185 1
203 1
203 1
204 1
209 1
210 1
210 1
217 1
204 1
212 1
204 1
197 1
190 1
188 1
212 1
182 1
189 1
190 1
188 1
180 1
179 1
186 1
178 1
195 1
198 1
200 1
194 1
195 1
194 1
204 1
193 1
188 1
189 1
176 1
176 1
181 1
202 1
190 1
188 1
185 1
185 1
180 1
185 1
187 1
183 1
200 1
190 1
189 1
191 1
190 1
189 1
191 1
185 1
184 1
179 1
184 1
182 1
184 1
206 1
188 1
201 1
192 1
191 1
198 1
204 1
205 1
202 1
207 1
204 1
212 1
209 1
208 1
207 1
209 1
209 1
204 1
199 1
195 1
199 1
201 1
201 1
188 1
194 1
194 1
200 1
202 1
209 1
209 1
214 1
217 1
216 1
220 1
215 1
216 1
218 1
205 1
208 1
205 1
197 1
191 1
199 1
191 1
206 1
203 1
203 1
204 1
209 1
219 1
234 1
235 1
242 1
240 1
235 1
231 1
231 1
227 1
221 1
210 1
204 1
197 1
198 1
201 1
184 1
187 1
221 1
215 1
214 1
228 1
237 1
254 1
267 1
269 1
273 1
275 1
264 1
257 1
239 1
234 1
226 1
212 1
208 1
199 1
200 1
198 1
190 1
201 1
247 1
257 1
245 1
262 1
293 1
321 1
349 1
353 1
348 1
323 1
293 1
276 1
253 1
237 1
222 1
213 1
209 1
205 1
204 1
193 1
207 1
225 1
296 1
334 1
307 1
340 1
410 1
462 1
514 1
476 1
415 1
343 1
303 1
272 1
249 1
232 1
225 1
214 1
211 1
195 1
207 1
215 1
234 1
264 1
381 1
512 1
421 1
528 1
707 1
817 1
723 1
547 1
425 1
355 1
305 1
271 1
241 1
230 1
215 1
209 1
200 1
197 1
224 1
238 1
291 1
334 1
557 1
1011 1
738 1
1075 1
1441 1
1120 1
719 1
532 1
423 1
349 1
306 1
258 1
237 1
215 1
214 1
201 1
210 1
227 1
270 1
322 1
409 1
532 1
996 1
2409 1
1417 1
1746 1
1451 1
981 1
718 1
558 1
422 1
331 1
277 1
238 1
221 1
220 1
201 1
206 1
236 1
265 1
357 1
477 1
708 1
1077 1
1944 1
5345 1
1463 1
1350 1
1351 1
1115 1
769 1
507 1
360 1
281 1
244 1
218 1
214 1
197 1
211 1
234 1
286 1
358 1
518 1
829 1
1468 1
1684 1
2063 1
18103 1
1406 1
1711 1
1593 1
901 1
556 1
377 1
287 1
247 1
220 1
211 1
203 1
210 1
229 1
270 1
350 1
485 1
744 1
1133 1
1402 1
1315 1
2403 1
5928 1
1503 1
1233 1
809 1
525 1
362 1
290 1
252 1
222 1
213 1
202 1
213 1
225 1
262 1
319 1
416 1
547 1
747 1
990 1
1321 1
1655 1
1806 1
3035 1
799 1
590 1
437 1
345 1
276 1
243 1
221 1
215 1
209 1
202 1
222 1
251 1
291 1
339 1
428 1
540 1
745 1
1100 1
1491 1
1185 1
911 1
1336 1
452 1
367 1
306 1
261 1
232 1
219 1
210 1
200 1
211 1
215 1
236 1
269 1
312 1
349 1
418 1
538 1
764 1
906 1
778 1
585 1
486 1
683 1
322 1
277 1
244 1
229 1
214 1
210 1
193 1
198 1
212 1
226 1
246 1
255 1
298 1
347 1
420 1
492 1
551 1
506 1
435 1
362 1
336 1
426 1
260 1
237 1
225 1
207 1
205 1
190 1
197 1
202 1
216 1
228 1
249 1
254 1
289 1
313 1
352 1
372 1
361 1
328 1
288 1
271 1
256 1
312 1
220 1
204 1
198 1
201 1
185 1
190 1
187 1
198 1
218 1
220 1
235 1
244 1
265 1
273 1
277 1
285 1
265 1
253 1
238 1
226 1
219 1
242 1
205 1
192 1
197 1
188 1
188 1
181 1
193 1
200 1
214 1
205 1
224 1
231 1
237 1
241 1
231 1
232 1
220 1
215 1
217 1
202 1
203 1
224 1
194 1
189 1
183 1
181 1
181 1
182 1
185 1
197 1
206 1
208 1
208 1
210 1
208 1
216 1
213 1
203 1
209 1
204 1
193 1
193 1
188 1
200 1
192 1
187 1
184 1
187 1
184 1
191 1
198 1
199 1
202 1
201 1
204 1
206 1
203 1
196 1
203 1
198 1
202 1
196 1
195 1
185 1
185 1
204 1
191 1
191 1
197 1
195 1
204 1
214 1
220 1
226 1
226 1
231 1
227 1
233 1
229 1
228 1
221 1
217 1
213 1
208 1
203 1
197 1
197 1
205 1
189 1
197 1
200 1
205 1
213 1
221 1
234 1
231 1
236 1
240 1
238 1
232 1
229 1
232 1
225 1
214 1
205 1
202 1
197 1
206 1
190 1
220 1
204 1
212 1
220 1
219 1
233 1
247 1
255 1
267 1
269 1
266 1
255 1
246 1
241 1
230 1
219 1
213 1
209 1
206 1
197 1
190 1
201 1
233 1
232 1
240 1
239 1
255 1
271 1
304 1
311 1
324 1
318 1
291 1
283 1
262 1
247 1
231 1
223 1
214 1
210 1
209 1
195 1
205 1
214 1
271 1
268 1
269 1
285 1
320 1
362 1
410 1
428 1
412 1
364 1
322 1
289 1
269 1
253 1
241 1
221 1
217 1
213 1
215 1
203 1
225 1
238 1
326 1
340 1
329 1
383 1
451 1
550 1
617 1
574 1
472 1
390 1
339 1
297 1
276 1
252 1
232 1
217 1
214 1
220 1
223 1
228 1
253 1
287 1
434 1
508 1
470 1
585 1
769 1
897 1
791 1
608 1
476 1
391 1
341 1
301 1
269 1
243 1
235 1
228 1
212 1
229 1
247 1
274 1
313 1
376 1
629 1
862 1
743 1
940 1
1102 1
974 1
750 1
587 1
467 1
400 1
327 1
287 1
252 1
238 1
228 1
228 1
228 1
253 1
295 1
358 1
466 1
569 1
1042 1
1606 1
983 1
1021 1
984 1
861 1
736 1
598 1
475 1
384 1
312 1
266 1
244 1
229 1
235 1
233 1
261 1
318 1
408 1
563 1
754 1
911 1
1508 1
2491 1
947 1
908 1
955 1
952 1
808 1
601 1
429 1
331 1
280 1
245 1
238 1
220 1
242 1
267 1
329 1
431 1
631 1
908 1
1060 1
981 1
1765 1
13989 1
918 1
995 1
1123 1
967 1
668 1
455 1
345 1
278 1
247 1
230 1
217 1
227 1
267 1
308 1
411 1
579 1
807 1
955 1
956 1
882 1
2166 1
2641 1
966 1
969 1
854 1
618 1
439 1
343 1
275 1
244 1
237 1
222 1
226 1
254 1
292 1
365 1
474 1
599 1
751 1
862 1
920 1
959 1
1270 1
1833 1
781 1
629 1
493 1
389 1
321 1
266 1
242 1
228 1
215 1
226 1
242 1
270 1
323 1
389 1
464 1
578 1
761 1
925 1
1053 1
954 1
905 1
1068 1
492 1
403 1
340 1
295 1
256 1
233 1
228 1
216 1
214 1
236 1
255 1
293 1
331 1
393 1
481 1
600 1
809 1
938 1
814 1
616 1
555 1
635 1
353 1
305 1
269 1
244 1
234 1
218 1
211 1
216 1
223 1
236 1
265 1
299 1
327 1
387 1
476 1
577 1
662 1
597 1
481 1
402 1
374 1
413 1
279 1
246 1
233 1
219 1
222 1
200 1
206 1
219 1
226 1
247 1
261 1
284 1
327 1
363 1
421 1
446 1
433 1
378 1
332 1
304 1
296 1
314 1
233 1
218 1
215 1
207 1
194 1
193 1
200 1
215 1
232 1
242 1
250 1
275 1
301 1
316 1
341 1
320 1
311 1
278 1
258 1
249 1
237 1
258 1
210 1
201 1
199 1
187 1
185 1
197 1
202 1
212 1
218 1
234 1
248 1
252 1
263 1
264 1
271 1
262 1
245 1
236 1
221 1
216 1
210 1
222 1
196 1
190 1
187 1
180 1
186 1
198 1
202 1
214 1
219 1
223 1
223 1
233 1
233 1
237 1
231 1
223 1
225 1
212 1
205 1
197 1
204 1
208 1
192 1
189 1
180 1
189 1
191 1
201 1
202 1
216 1
213 1
216 1
222 1
221 1
219 1
222 1
218 1
209 1
209 1
195 1
187 1
188 1
189 1
201 1
189 1
200 1
198 1
202 1
208 1
219 1
234 1
245 1
248 1
260 1
257 1
259 1
255 1
237 1
234 1
225 1
220 1
208 1
202 1
201 1
197 1
211 1
196 1
198 1
203 1
210 1
221 1
241 1
246 1
264 1
269 1
274 1
270 1
264 1
253 1
246 1
229 1
216 1
214 1
200 1
198 1
199 1
194 1
225 1
205 1
218 1
228 1
234 1
251 1
273 1
284 1
296 1
302 1
304 1
290 1
277 1
253 1
242 1
233 1
216 1
208 1
206 1
201 1
193 1
199 1
250 1
229 1
245 1
261 1
269 1
304 1
339 1
365 1
378 1
371 1
340 1
306 1
284 1
265 1
246 1
232 1
219 1
214 1
208 1
208 1
208 1
216 1
296 1
271 1
285 1
315 1
343 1
408 1
465 1
502 1
468 1
408 1
363 1
315 1
289 1
265 1
254 1
230 1
224 1
218 1
218 1
216 1
232 1
254 1
367 1
343 1
360 1
415 1
492 1
591 1
656 1
613 1
503 1
422 1
364 1
317 1
291 1
270 1
242 1
236 1
228 1
230 1
230 1
252 1
271 1
311 1
481 1
478 1
476 1
562 1
694 1
760 1
723 1
599 1
492 1
418 1
363 1
323 1
282 1
260 1
247 1
241 1
231 1
247 1
264 1
296 1
350 1
403 1
652 1
716 1
625 1
709 1
757 1
723 1
652 1
568 1
485 1
417 1
357 1
313 1
275 1
260 1
251 1
248 1
259 1
285 1
348 1
408 1
482 1
567 1
931 1
1011 1
691 1
680 1
690 1
668 1
645 1
581 1
508 1
422 1
346 1
301 1
263 1
260 1
249 1
265 1
299 1
361 1
478 1
583 1
676 1
691 1
1133 1
1295 1
662 1
638 1
679 1
719 1
719 1
620 1
494 1
392 1
318 1
275 1
265 1
254 1
264 1
310 1
377 1
492 1
643 1
754 1
720 1
663 1
1132 1
2089 1
636 1
664 1
761 1
778 1
699 1
530 1
403 1
325 1
277 1
261 1
259 1
263 1
302 1
364 1
462 1
598 1
700 1
708 1
646 1
629 1
2845 1
1355 1
676 1
712 1
727 1
639 1
505 1
394 1
319 1
282 1
266 1
244 1
259 1
280 1
328 1
407 1
501 1
576 1
639 1
659 1
647 1
674 1
956 1
1127 1
657 1
609 1
522 1
442 1
360 1
296 1
266 1
257 1
243 1
246 1
263 1
295 1
352 1
408 1
483 1
556 1
633 1
681 1
717 1
694 1
803 1
833 1
505 1
434 1
370 1
317 1
282 1
254 1
249 1
234 1
236 1
247 1
275 1
308 1
355 1
412 1
487 1
578 1
700 1
738 1
681 1
598 1
579 1
574 1
365 1
329 1
287 1
260 1
245 1
237 1
209 1
231 1
236 1
249 1
285 1
314 1
361 1
407 1
494 1
604 1
670 1
608 1
505 1
415 1
411 1
403 1
293 1
263 1
243 1
228 1
225 1
201 1
207 1
221 1
237 1
258 1
278 1
316 1
351 1
422 1
471 1
518 1
487 1
434 1
362 1
315 1
321 1
306 1
248 1
219 1
213 1
217 1
206 1
200 1
209 1
222 1
235 1
255 1
278 1
300 1
338 1
373 1
387 1
384 1
349 1
308 1
286 1
255 1
258 1
251 1
212 1
203 1
203 1
199 1
198 1
194 1
208 1
233 1
235 1
252 1
263 1
288 1
302 1
309 1
306 1
289 1
278 1
253 1
227 1
221 1
215 1
225 1
201 1
198 1
186 1
190 1
194 1
197 1
211 1
233 1
227 1
246 1
258 1
264 1
270 1
265 1
254 1
246 1
239 1
224 1
212 1
198 1
203 1
209 1
192 1
190 1
186 1
186 1
196 1
202 1
213 1
236 1
232 1
241 1
251 1
255 1
255 1
248 1
229 1
225 1
222 1
204 1
199 1
197 1
192 1
201 1
197 1
205 1
203 1
206 1
215 1
226 1
240 1
265 1
285 1
293 1
295 1
291 1
278 1
271 1
253 1
238 1
227 1
214 1
206 1
207 1
207 1
216 1
192 1
204 1
210 1
218 1
231 1
250 1
268 1
285 1
297 1
310 1
308 1
286 1
274 1
255 1
241 1
225 1
214 1
211 1
204 1
208 1
196 1
228 1
203 1
224 1
233 1
249 1
266 1
293 1
320 1
339 1
355 1
340 1
322 1
292 1
266 1
252 1
243 1
224 1
217 1
207 1
211 1
199 1
205 1
251 1
238 1
248 1
260 1
286 1
318 1
368 1
409 1
427 1
410 1
373 1
330 1
293 1
270 1
251 1
240 1
222 1
221 1
214 1
205 1
206 1
225 1
300 1
269 1
292 1
324 1
361 1
414 1
484 1
530 1
491 1
424 1
370 1
328 1
294 1
275 1
252 1
236 1
227 1
224 1
228 1
232 1
242 1
263 1
372 1
333 1
359 1
401 1
462 1
542 1
590 1
549 1
484 1
422 1
369 1
323 1
287 1
272 1
254 1
244 1
234 1
240 1
251 1
257 1
275 1
316 1
478 1
438 1
447 1
490 1
560 1
586 1
555 1
505 1
461 1
405 1
362 1
328 1
300 1
269 1
258 1
259 1
256 1
274 1
285 1
312 1
359 1
389 1
636 1
583 1
523 1
528 1
553 1
546 1
530 1
493 1
450 1
414 1
365 1
335 1
295 1
281 1
275 1
280 1
284 1
311 1
359 1
418 1
455 1
494 1
799 1
678 1
506 1
496 1
505 1
514 1
518 1
513 1
478 1
431 1
379 1
329 1
296 1
290 1
291 1
300 1
340 1
398 1
479 1
525 1
526 1
527 1
888 1
774 1
486 1
478 1
506 1
532 1
567 1
547 1
496 1
429 1
361 1
314 1
301 1
299 1
305 1
346 1
420 1
523 1
548 1
565 1
527 1
484 1
866 1
695 1
481 1
496 1
534 1
563 1
593 1
549 1
454 1
372 1
320 1
299 1
289 1
304 1
341 1
415 1
482 1
544 1
549 1
516 1
488 1
472 1
1075 1
797 1
511 1
522 1
558 1
559 1
518 1
440 1
353 1
319 1
297 1
284 1
287 1
323 1
372 1
427 1
473 1
493 1
525 1
500 1
480 1
483 1
769 1
732 1
522 1
504 1
492 1
448 1
382 1
331 1
297 1
293 1
260 1
269 1
291 1
316 1
357 1
409 1
443 1
486 1
513 1
505 1
513 1
507 1
681 1
623 1
468 1
426 1
379 1
335 1
300 1
283 1
269 1
249 1
249 1
269 1
285 1
322 1
357 1
399 1
439 1
487 1
546 1
547 1
547 1
506 1
551 1
503 1
362 1
335 1
300 1
273 1
255 1
252 1
228 1
232 1
238 1
256 1
287 1
318 1
340 1
397 1
459 1
533 1
564 1
531 1
473 1
414 1
418 1
384 1
297 1
275 1
247 1
242 1
228 1
210 1
225 1
226 1
237 1
265 1
287 1
314 1
353 1
423 1
483 1
526 1
487 1
421 1
363 1
326 1
322 1
301 1
247 1
236 1
220 1
221 1
200 1
203 1
209 1
223 1
239 1
263 1
289 1
324 1
362 1
423 1
433 1
425 1
379 1
330 1
288 1
264 1
265 1
263 1
217 1
213 1
207 1
203 1
192 1
204 1
204 1
225 1
244 1
262 1
290 1
319 1
340 1
350 1
345 1
320 1
295 1
259 1
247 1
229 1
228 1
225 1
203 1
199 1
192 1
189 1
194 1
204 1
223 1
240 1
247 1
270 1
290 1
297 1
308 1
298 1
292 1
268 1
254 1
234 1
216 1
213 1
207 1
207 1
195 1
191 1
190 1
194 1
196 1
204 1
231 1
243 1
255 1
267 1
280 1
283 1
296 1
277 1
259 1
241 1
227 1
209 1
203 1
200 1
205 1
208 1
210 1
218 1
210 1
205 1
218 1
234 1
257 1
284 1
314 1
336 1
340 1
330 1
320 1
291 1
263 1
246 1
229 1
222 1
221 1
216 1
217 1
231 1
209 1
212 1
210 1
224 1
240 1
263 1
288 1
321 1
343 1
357 1
346 1
320 1
293 1
266 1
248 1
235 1
221 1
218 1
220 1
220 1
205 1
239 1
209 1
225 1
232 1
248 1
266 1
306 1
339 1
381 1
392 1
383 1
348 1
307 1
283 1
252 1
236 1
233 1
225 1
220 1
224 1
203 1
203 1
263 1
235 1
248 1
262 1
292 1
322 1
375 1
416 1
440 1
424 1
381 1
339 1
294 1
269 1
251 1
238 1
228 1
226 1
223 1
213 1
215 1
225 1
307 1
265 1
279 1
318 1
348 1
395 1
447 1
478 1
453 1
408 1
362 1
322 1
292 1
271 1
247 1
247 1
237 1
229 1
229 1
233 1
243 1
266 1
371 1
326 1
343 1
375 1
415 1
452 1
470 1
461 1
422 1
379 1
349 1
311 1
286 1
271 1
258 1
248 1
243 1
254 1
257 1
264 1
285 1
310 1
458 1
392 1
399 1
427 1
442 1
453 1
446 1
440 1
411 1
381 1
348 1
321 1
295 1
283 1
268 1
265 1
285 1
285 1
301 1
327 1
338 1
370 1
582 1
464 1
419 1
419 1
427 1
429 1
429 1
422 1
407 1
383 1
351 1
333 1
315 1
298 1
293 1
309 1
323 1
340 1
365 1
394 1
407 1
423 1
677 1
489 1
395 1
405 1
402 1
413 1
418 1
429 1
421 1
399 1
377 1
360 1
329 1
323 1
326 1
336 1
380 1
412 1
431 1
434 1
425 1
413 1
726 1
509 1
390 1
396 1
394 1
420 1
448 1
445 1
456 1
428 1
390 1
356 1
342 1
344 1
353 1
396 1
435 1
456 1
446 1
445 1
408 1
405 1
740 1
613 1
389 1
389 1
416 1
444 1
467 1
477 1
463 1
405 1
368 1
350 1
323 1
345 1
374 1
426 1
437 1
434 1
429 1
417 1
387 1
385 1
4117 1
535 1
406 1
415 1
442 1
460 1
468 1
438 1
396 1
364 1
343 1
306 1
319 1
339 1
376 1
397 1
417 1
411 1
418 1
402 1
399 1
398 1
646 1
519 1
420 1
429 1
417 1
412 1
386 1
362 1
336 1
317 1
291 1
290 1
294 1
334 1
347 1
371 1
389 1
420 1
421 1
408 1
403 1
411 1
573 1
491 1
403 1
386 1
369 1
341 1
317 1
298 1
292 1
262 1
250 1
276 1
282 1
314 1
343 1
369 1
385 1
425 1
438 1
423 1
426 1
419 1
502 1
435 1
352 1
323 1
303 1
279 1
267 1
266 1
232 1
242 1
244 1
260 1
280 1
305 1
334 1
369 1
410 1
436 1
450 1
434 1
412 1
382 1
407 1
355 1
293 1
266 1
250 1
244 1
235 1
222 1
228 1
232 1
244 1
255 1
279 1
314 1
348 1
379 1
442 1
445 1
445 1
400 1
353 1
320 1
334 1
290 1
255 1
236 1
226 1
224 1
206 1
206 1
217 1
227 1
237 1
262 1
287 1
323 1
365 1
407 1
432 1
421 1
373 1
328 1
293 1
267 1
276 1
254 1
219 1
212 1
216 1
209 1
201 1
202 1
224 1
232 1
244 1
266 1
295 1
331 1
374 1
400 1
388 1
349 1
306 1
272 1
251 1
231 1
243 1
225 1
206 1
209 1
205 1
203 1
199 1
208 1
225 1
240 1
251 1
286 1
315 1
339 1
340 1
337 1
321 1
282 1
265 1
237 1
223 1
212 1
225 1
217 1
205 1
212 1
207 1
210 1
210 1
222 1
246 1
249 1
280 1
310 1
327 1
332 1
321 1
308 1
275 1
256 1
237 1
220 1
210 1
207 1
214 1
225 1
241 1
239 1
226 1
219 1
221 1
242 1
267 1
299 1
341 1
378 1
396 1
380 1
346 1
309 1
269 1
249 1
234 1
232 1
234 1
239 1
247 1
255 1
230 1
229 1
221 1
226 1
240 1
267 1
301 1
344 1
380 1
393 1
384 1
346 1
314 1
270 1
250 1
236 1
226 1
230 1
244 1
241 1
221 1
249 1
223 1
229 1
238 1
244 1
270 1
310 1
343 1
390 1
400 1
390 1
354 1
312 1
284 1
258 1
242 1
237 1
231 1
254 1
235 1
209 1
221 1
263 1
232 1
248 1
264 1
280 1
311 1
360 1
391 1
408 1
391 1
369 1
327 1
293 1
267 1
245 1
236 1
237 1
238 1
235 1
224 1
219 1
230 1
296 1
263 1
282 1
291 1
328 1
362 1
388 1
395 1
386 1
369 1
339 1
307 1
282 1
263 1
244 1
244 1
242 1
235 1
232 1
235 1
238 1
259 1
359 1
306 1
318 1
337 1
367 1
380 1
389 1
385 1
367 1
346 1
323 1
307 1
284 1
273 1
255 1
245 1
245 1
257 1
259 1
266 1
272 1
304 1
436 1
346 1
359 1
361 1
374 1
383 1
382 1
374 1
355 1
345 1
328 1
304 1
291 1
275 1
274 1
282 1
288 1
295 1
310 1
307 1
321 1
347 1
512 1
384 1
368 1
363 1
366 1
364 1
364 1
366 1
359 1
351 1
336 1
318 1
317 1
307 1
308 1
340 1
336 1
344 1
347 1
349 1
353 1
357 1
581 1
408 1
350 1
350 1
347 1
353 1
361 1
371 1
366 1
368 1
363 1
352 1
355 1
351 1
373 1
375 1
389 1
388 1
375 1
377 1
365 1
358 1
611 1
393 1
340 1
337 1
354 1
367 1
384 1
382 1
390 1
401 1
391 1
384 1
385 1
393 1
401 1
406 1
395 1
391 1
378 1
375 1
350 1
338 1
623 1
420 1
341 1
351 1
364 1
376 1
387 1
406 1
413 1
419 1
409 1
394 1
374 1
380 1
388 1
381 1
375 1
375 1
358 1
353 1
347 1
342 1
2954 1
415 1
357 1
359 1
378 1
383 1
387 1
405 1
402 1
394 1
390 1
343 1
349 1
348 1
362 1
358 1
354 1
366 1
354 1
355 1
332 1
351 1
582 1
424 1
361 1
364 1
367 1
368 1
366 1
358 1
357 1
357 1
300 1
298 1
311 1
319 1
327 1
337 1
341 1
369 1
365 1
357 1
351 1
358 1
518 1
421 1
364 1
350 1
337 1
324 1
315 1
313 1
312 1
261 1
259 1
270 1
282 1
298 1
314 1
334 1
354 1
366 1
374 1
363 1
363 1
369 1
457 1
378 1
325 1
313 1
294 1
282 1
271 1
271 1
239 1
242 1
250 1
261 1
267 1
287 1
322 1
344 1
349 1
384 1
377 1
376 1
364 1
349 1
401 1
326 1
284 1
263 1
259 1
246 1
248 1
227 1
232 1
230 1
235 1
254 1
273 1
296 1
321 1
348 1
381 1
388 1
380 1
366 1
335 1
307 1
325 1
274 1
250 1
238 1
238 1
231 1
208 1
212 1
219 1
227 1
234 1
255 1
280 1
311 1
352 1
372 1
392 1
383 1
357 1
311 1
288 1
260 1
292 1
245 1
230 1
222 1
225 1
214 1
218 1
212 1
222 1
227 1
239 1
269 1
297 1
340 1
373 1
404 1
378 1
348 1
306 1
271 1
247 1
235 1
257 1
231 1
220 1
221 1
230 1
218 1
222 1
209 1
234 1
238 1
265 1
295 1
327 1
376 1
393 1
379 1
337 1
302 1
265 1
234 1
223 1
220 1
239 1
235 1
229 1
242 1
229 1
221 1
218 1
232 1
244 1
259 1
292 1
329 1
364 1
379 1
367 1
333 1
291 1
260 1
240 1
219 1
210 1
223 1
245 1
249 1
281 1
280 1
237 1
226 1
226 1
239 1
268 1
302 1
363 1
411 1
427 1
410 1
366 1
309 1
272 1
249 1
238 1
233 1
249 1
267 1
294 1
283 1
251 1
245 1
230 1
229 1
238 1
268 1
302 1
344 1
386 1
415 1
394 1
357 1
315 1
270 1
251 1
238 1
232 1
246 1
260 1
270 1
237 1
266 1
232 1
238 1
237 1
240 1
266 1
298 1
337 1
366 1
374 1
377 1
340 1
305 1
275 1
257 1
239 1
236 1
237 1
244 1
249 1
227 1
228 1
274 1
234 1
247 1
247 1
273 1
304 1
326 1
351 1
359 1
357 1
344 1
308 1
278 1
262 1
245 1
233 1
237 1
236 1
243 1
224 1
221 1
234 1
297 1
259 1
275 1
295 1
309 1
329 1
341 1
346 1
347 1
335 1
317 1
290 1
274 1
260 1
248 1
242 1
242 1
236 1
236 1
230 1
236 1
253 1
345 1
288 1
306 1
322 1
335 1
344 1
353 1
355 1
338 1
324 1
304 1
292 1
269 1
264 1
252 1
245 1
248 1
262 1
257 1
261 1
263 1
285 1
398 1
319 1
335 1
342 1
340 1
345 1
343 1
341 1
332 1
327 1
314 1
295 1
283 1
268 1
277 1
269 1
299 1
299 1
291 1
287 1
297 1
309 1
460 1
352 1
338 1
336 1
337 1
331 1
338 1
346 1
335 1
330 1
318 1
308 1
301 1
297 1
309 1
352 1
348 1
330 1
316 1
312 1
328 1
334 1
512 1
348 1
324 1
324 1
330 1
331 1
338 1
347 1
345 1
343 1
326 1
337 1
352 1
369 1
415 1
389 1
362 1
346 1
334 1
339 1
342 1
325 1
542 1
356 1
322 1
315 1
326 1
337 1
343 1
347 1
350 1
351 1
368 1
400 1
416 1
422 1
407 1
378 1
342 1
349 1
337 1
334 1
325 1
315 1
534 1
328 1
312 1
322 1
335 1
346 1
344 1
352 1
360 1
385 1
417 1
444 1
420 1
397 1
368 1
349 1
337 1
345 1
334 1
322 1
319 1
317 1
405 1
359 1
323 1
335 1
338 1
346 1
347 1
356 1
379 1
399 1
423 1
355 1
344 1
328 1
329 1
315 1
328 1
333 1
319 1
317 1
320 1
306 1
520 1
373 1
329 1
334 1
342 1
336 1
333 1
347 1
356 1
375 1
305 1
296 1
297 1
295 1
303 1
309 1
319 1
340 1
331 1
330 1
324 1
325 1
467 1
358 1
337 1
320 1
311 1
310 1
310 1
316 1
312 1
256 1
264 1
268 1
267 1
281 1
308 1
301 1
328 1
341 1
345 1
334 1
333 1
339 1
436 1
343 1
314 1
292 1
282 1
273 1
271 1
277 1
236 1
235 1
237 1
254 1
265 1
287 1
293 1
313 1
326 1
351 1
329 1
334 1
325 1
326 1
378 1
312 1
276 1
261 1
252 1
245 1
247 1
222 1
233 1
235 1
232 1
245 1
260 1
285 1
306 1
330 1
331 1
340 1
337 1
329 1
306 1
297 1
321 1
267 1
243 1
239 1
232 1
229 1
221 1
222 1
229 1
221 1
234 1
243 1
270 1
295 1
313 1
344 1
344 1
346 1
320 1
296 1
281 1
266 1
282 1
242 1
234 1
233 1
223 1
230 1
228 1
229 1
222 1
221 1
240 1
255 1
291 1
316 1
349 1
364 1
349 1
330 1
292 1
268 1
243 1
232 1
261 1
235 1
236 1
235 1
257 1
247 1
232 1
229 1
229 1
232 1
256 1
293 1
329 1
374 1
397 1
379 1
332 1
291 1
260 1
239 1
222 1
222 1
260 1
258 1
257 1
286 1
260 1
232 1
218 1
229 1
235 1
254 1
287 1
341 1
397 1
416 1
394 1
351 1
295 1
263 1
238 1
224 1
218 1
232 1
281 1
299 1
326 1
302 1
254 1
226 1
226 1
233 1
259 1
293 1
352 1
412 1
438 1
412 1
356 1
301 1
269 1
245 1
237 1
241 1
258 1
297 1
343 1
304 1
281 1
248 1
237 1
227 1
235 1
258 1
291 1
329 1
378 1
403 1
382 1
340 1
300 1
266 1
241 1
235 1
237 1
254 1
277 1
301 1
249 1
262 1
239 1
236 1
236 1
244 1
263 1
285 1
319 1
338 1
347 1
349 1
322 1
292 1
264 1
248 1
238 1
237 1
245 1
260 1
265 1
216 1
222 1
259 1
231 1
240 1
253 1
268 1
293 1
306 1
328 1
327 1
326 1
316 1
296 1
270 1
255 1
241 1
236 1
234 1
243 1
246 1
219 1
224 1
233 1
279 1
242 1
265 1
282 1
302 1
311 1
321 1
333 1
325 1
318 1
308 1
285 1
270 1
255 1
247 1
231 1
238 1
233 1
229 1
228 1
235 1
250 1
320 1
271 1
295 1
308 1
322 1
324 1
330 1
329 1
321 1
315 1
294 1
285 1
262 1
253 1
249 1
243 1
244 1
249 1
254 1
257 1
255 1
281 1
388 1
316 1
322 1
322 1
332 1
332 1
337 1
329 1
326 1
310 1
298 1
286 1
279 1
269 1
263 1
267 1
290 1
289 1
282 1
283 1
295 1
313 1
431 1
331 1
329 1
331 1
330 1
331 1
327 1
332 1
321 1
317 1
308 1
291 1
289 1
297 1
305 1
331 1
329 1
314 1
304 1
301 1
315 1
320 1
473 1
342 1
321 1
328 1
320 1
328 1
324 1
332 1
333 1
326 1
314 1
316 1
338 1
358 1
413 1
374 1
331 1
314 1
318 1
319 1
329 1
329 1
492 1
332 1
322 1
315 1
321 1
332 1
329 1
337 1
328 1
325 1
342 1
379 1
418 1
442 1
393 1
339 1
323 1
325 1
326 1
324 1
317 1
311 1
495 1
333 1
317 1
317 1
327 1
332 1
339 1
335 1
334 1
355 1
399 1
456 1
422 1
379 1
335 1
313 1
321 1
330 1
330 1
322 1
311 1
313 1
419 1
335 1
318 1
325 1
331 1
331 1
329 1
332 1
343 1
382 1
434 1
356 1
338 1
313 1
302 1
303 1
321 1
326 1
321 1
315 1
317 1
328 1
490 1
345 1
323 1
338 1
321 1
320 1
317 1
330 1
349 1
372 1
288 1
288 1
287 1
283 1
295 1
306 1
314 1
326 1
325 1
317 1
322 1
321 1
454 1
342 1
328 1
317 1
308 1
295 1
296 1
305 1
309 1
257 1
262 1
256 1
265 1
272 1
298 1
309 1
317 1
324 1
333 1
323 1
326 1
331 1
422 1
321 1
295 1
290 1
277 1
265 1
267 1
273 1
234 1
234 1
243 1
240 1
259 1
271 1
292 1
308 1
323 1
334 1
325 1
319 1
323 1
311 1
363 1
293 1
268 1
263 1
241 1
240 1
240 1
226 1
222 1
226 1
229 1
246 1
264 1
273 1
299 1
309 1
324 1
320 1
315 1
318 1
295 1
279 1
313 1
257 1
244 1
235 1
238 1
226 1
218 1
224 1
218 1
227 1
227 1
242 1
257 1
284 1
315 1
317 1
311 1
319 1
308 1
284 1
274 1
253 1
286 1
237 1
230 1
229 1
231 1
239 1
239 1
232 1
224 1
219 1
240 1
247 1
276 1
309 1
331 1
335 1
327 1
313 1
279 1
257 1
241 1
231 1
259 1
243 1
238 1
246 1
278 1
258 1
239 1
230 1
226 1
230 1
252 1
282 1
319 1
360 1
377 1
356 1
323 1
292 1
255 1
233 1
222 1
231 1
264 1
269 1
279 1
322 1
288 1
242 1
230 1
234 1
234 1
248 1
291 1
326 1
386 1
418 1
401 1
346 1
295 1
258 1
233 1
225 1
221 1
243 1
314 1
328 1
